4900.0007 58520.914
4900.0507 57995.48
4900.1008 57655.414
4900.1508 57702.91
4900.2008 57470.273
4900.2508 57096.484
4900.3008 57241.594
4900.3508 57890.055
4900.4008 58228.01
4900.4508 58372.098
4900.5008 57875.13
4900.5508 57019.438
4900.6008 57300.88
4900.6508 58275.7
4900.7008 57335.4
4900.7508 56941.55
4900.8008 57089.426
4900.8508 57437.883
4900.9008 57934.832
4900.9508 57796.605
4901.0008 57876.332
4901.0508 58240.203
4901.1008 58623.45
4901.1508 57577.0
4901.2008 57589.758
4901.2508 57508.62
4901.3008 57650.664
4901.3508 57586.457
4901.4008 57799.77
4901.4508 57881.484
4901.5008 57374.92
4901.5508 57489.26
4901.6008 57887.066
4901.6508 57439.137
4901.7008 57857.71
4901.7509 57791.316
4901.8009 57233.45
4901.8509 57556.36
4901.9009 57708.656
4901.9509 57788.445
4902.0009 57674.25
4902.0509 57403.66
4902.1009 57410.574
4902.1509 57769.664
4902.2009 57973.293
4902.2509 57671.176
4902.3009 56962.773
4902.3509 57501.79
4902.4009 56718.277
4902.4509 56399.12
4902.5009 56858.418
4902.5509 57759.74
4902.6009 57746.43
4902.6509 58142.418
4902.7009 57994.555
4902.7509 57948.504
4902.8009 58158.004
4902.8509 58260.14
4902.9009 57979.758
4902.9509 57879.836
4903.0009 57787.746
4903.0509 58228.23
4903.1009 58430.773
4903.1509 57787.883
4903.2009 57358.676
4903.2509 57394.473
4903.3009 57659.027
4903.351 57899.113
4903.401 57665.17
4903.451 58272.39
4903.501 57274.844
4903.551 57366.93
4903.601 57794.59
4903.651 57354.586
4903.701 57406.223
4903.751 58013.055
4903.801 58101.445
4903.851 57509.426
4903.901 57255.957
4903.951 57607.664
4904.001 58174.473
4904.051 57834.31
4904.101 57854.05
4904.151 57989.92
4904.201 57596.77
4904.251 57547.973
4904.301 57415.508
4904.351 57705.875
4904.401 57654.266
4904.451 57455.676
4904.501 57677.125
4904.551 57395.242
4904.601 56997.914
4904.651 57462.938
4904.701 58246.15
4904.751 58306.438
4904.801 57347.426
4904.851 57726.883
4904.901 58435.09
4904.951 57582.105
4905.0011 57712.277
4905.0511 58048.16
4905.1011 58003.45
4905.1511 58247.402
4905.2011 58304.918
4905.2511 58042.56
4905.3011 58148.574
4905.3511 57810.105
4905.4011 57809.8
4905.4511 58112.06
4905.5011 57603.023
4905.5511 57754.14
4905.6011 57666.582
4905.6511 57619.66
4905.7011 57907.906
4905.7511 58324.676
4905.8011 57104.168
4905.8511 57922.51
4905.9011 57749.305
4905.9511 57600.094
4906.0011 57705.08
4906.0511 57488.613
4906.1011 57571.22
4906.1511 57721.63
4906.2011 57873.652
4906.2511 57712.113
4906.3011 57508.145
4906.3511 57791.41
4906.4011 57198.68
4906.4511 57244.004
4906.5011 57910.535
4906.5511 57205.09
4906.6011 56682.74
4906.6512 56268.5
4906.7012 55851.1
4906.7512 54084.074
4906.8012 53887.57
4906.8512 53832.69
4906.9012 54348.22
4906.9512 55146.863
4907.0012 56594.5
4907.0512 57451.46
4907.1012 57642.402
4907.1512 57965.297
4907.2012 58109.76
4907.2512 57533.137
4907.3012 57991.117
4907.3512 58233.2
4907.4012 58203.676
4907.4512 58063.32
4907.5012 57733.957
4907.5512 57914.098
4907.6012 57341.34
4907.6512 58201.156
4907.7012 58597.203
4907.7512 57984.04
4907.8012 57155.33
4907.8512 57860.598
4907.9012 58488.035
4907.9512 58039.36
4908.0012 57531.113
4908.0512 58351.6
4908.1012 57871.434
4908.1512 57966.9
4908.2012 58099.707
4908.2513 57700.562
4908.3013 57414.582
4908.3513 57749.406
4908.4013 58122.965
4908.4513 58207.688
4908.5013 57718.273
4908.5513 56964.117
4908.6013 57516.54
4908.6513 57717.117
4908.7013 57311.52
4908.7513 58105.242
4908.8013 57758.62
4908.8513 57275.29
4908.9013 57483.086
4908.9513 57652.652
4909.0013 57437.86
4909.0513 57482.62
4909.1013 57235.594
4909.1513 57444.05
4909.2013 57632.43
4909.2513 57443.402
4909.3013 57524.05
4909.3513 57596.145
4909.4013 57719.04
4909.4513 57579.12
4909.5013 58471.293
4909.5513 58146.055
4909.6013 57666.688
4909.6513 57886.727
4909.7013 58522.367
4909.7513 58781.39
4909.8013 58045.223
4909.8513 57415.496
4909.9014 57749.83
4909.9514 57785.074
4910.0014 58043.367
4910.0514 58284.766
4910.1014 58281.473
4910.1514 57000.277
4910.2014 57248.746
4910.2514 57397.906
4910.3014 57371.17
4910.3514 57563.387
4910.4014 57436.586
4910.4514 57128.535
4910.5014 57523.863
4910.5514 57151.684
4910.6014 57705.082
4910.6514 58316.74
4910.7014 57798.13
4910.7514 57112.582
4910.8014 57283.938
4910.8514 57295.67
4910.9014 56826.992
4910.9514 57683.06
4911.0014 57042.9
4911.0514 57545.934
4911.1014 57557.0
4911.1514 57644.453
4911.2014 57741.69
4911.2514 57832.67
4911.3014 57539.656
4911.3514 57250.918
4911.4014 57328.164
4911.4514 57588.844
4911.5015 58304.348
4911.5515 57878.793
4911.6015 58296.883
4911.6515 58401.19
4911.7015 58007.52
4911.7515 57521.9
4911.8015 57927.18
4911.8515 57896.953
4911.9015 57648.57
4911.9515 58147.797
4912.0015 58046.64
4912.0515 58242.246
4912.1015 57443.996
4912.1515 57844.117
4912.2015 58514.223
4912.2515 57535.22
4912.3015 57596.363
4912.3515 58182.36
4912.4015 57885.137
4912.4515 57575.156
4912.5015 58337.56
4912.5515 58535.723
4912.6015 57999.414
4912.6515 57061.957
4912.7015 58384.023
4912.7515 57675.01
4912.8015 57749.816
4912.8515 58015.88
4912.9015 58060.504
4912.9515 58124.637
4913.0015 58104.195
4913.0515 57713.555
4913.1015 57429.246
4913.1516 57878.855
4913.2016 57982.4
4913.2516 58203.05
4913.3016 58000.406
4913.3516 57146.44
4913.4016 57373.344
4913.4516 57421.07
4913.5016 57803.984
4913.5516 58267.027
4913.6016 58039.625
4913.6516 57806.312
4913.7016 58290.97
4913.7516 58037.05
4913.8016 58104.12
4913.8516 58095.777
4913.9016 57607.137
4913.9516 57830.88
4914.0016 58075.684
4914.0516 58081.73
4914.1016 57877.992
4914.1516 57747.027
4914.2016 57880.59
4914.2516 58016.04
4914.3016 57914.71
4914.3516 58053.61
4914.4016 58357.703
4914.4516 58037.508
4914.5016 58663.098
4914.5516 57982.742
4914.6016 58017.31
4914.6516 58633.23
4914.7016 58554.94
4914.7517 58244.527
4914.8017 58102.78
4914.8517 57418.1
4914.9017 57121.387
4914.9517 58069.66
4915.0017 58390.637
4915.0517 57235.93
4915.1017 58160.15
4915.1517 57772.43
4915.2017 57288.684
4915.2517 57258.18
4915.3017 57627.598
4915.3517 57805.32
4915.4017 57723.477
4915.4517 57914.332
4915.5017 58152.688
4915.5517 57713.08
4915.6017 58206.445
4915.6517 57821.727
4915.7017 57548.996
4915.7517 57549.633
4915.8017 57632.645
4915.8517 58144.016
4915.9017 57749.008
4915.9517 57752.734
4916.0017 57336.613
4916.0517 56718.906
4916.1017 57279.67
4916.1517 57875.74
4916.2017 57806.195
4916.2517 57777.473
4916.3017 57038.0
4916.3517 57874.617
4916.4018 57459.855
4916.4518 56800.277
4916.5018 57393.945
4916.5518 57575.188
4916.6018 57599.242
4916.6518 57676.55
4916.7018 57177.46
4916.7518 56856.125
4916.8018 57403.14
4916.8518 57405.82
4916.9018 57727.977
4916.9518 56815.953
4917.0018 56433.996
4917.0518 56344.184
4917.1018 53981.887
4917.1518 53414.6
4917.2018 53176.555
4917.2518 53728.008
4917.3018 55138.46
4917.3518 56571.426
4917.4018 57559.387
4917.4518 57702.047
4917.5018 57431.758
4917.5518 57696.605
4917.6018 57309.973
4917.6518 57768.7
4917.7018 57252.785
4917.7518 58160.254
4917.8018 57365.023
4917.8518 57268.793
4917.9018 56586.48
4917.9518 56623.996
4918.0018 56804.953
4918.0519 57474.48
4918.1019 57539.98
4918.1519 57139.914
4918.2019 56987.355
4918.2519 56560.887
4918.3019 56449.05
4918.3519 57218.707
4918.4019 56738.047
4918.4519 56957.88
4918.5019 56163.566
4918.5519 57069.105
4918.6019 56658.68
4918.6519 56783.75
4918.7019 56696.676
4918.7519 56340.383
4918.8019 56221.33
4918.8519 56385.67
4918.9019 56448.51
4918.9519 56553.223
4919.0019 56616.023
4919.0519 56377.45
4919.1019 56340.48
4919.1519 55849.207
4919.2019 55779.824
4919.2519 55100.21
4919.3019 56049.71
4919.3519 56132.7
4919.4019 55969.285
4919.4519 56050.83
4919.5019 55046.35
4919.5519 55255.18
4919.6019 55170.72
4919.652 55020.72
4919.702 54761.14
4919.752 54539.168
4919.802 54308.79
4919.852 54126.234
4919.902 54259.88
4919.952 53639.88
4920.002 53498.016
4920.052 53087.54
4920.102 52684.723
4920.152 52842.523
4920.202 52391.34
4920.252 51323.016
4920.302 51065.83
4920.352 51258.285
4920.402 50722.387
4920.452 49722.977
4920.502 49087.06
4920.552 49291.457
4920.602 49552.043
4920.652 49438.758
4920.702 49326.195
4920.752 49537.984
4920.802 49804.074
4920.852 49723.62
4920.902 50105.69
4920.952 50607.97
4921.002 50626.48
4921.052 50089.125
4921.102 49961.156
4921.152 49477.723
4921.202 49098.086
4921.252 48954.22
4921.3021 48899.363
4921.3521 47924.156
4921.4021 47136.668
4921.4521 46138.977
4921.5021 45192.23
4921.5521 43405.656
4921.6021 41347.19
4921.6521 39333.21
4921.7021 36709.316
4921.7521 33963.598
4921.8021 31617.213
4921.8521 29705.299
4921.9021 28604.697
4921.9521 29005.412
4922.0021 29387.998
4922.0521 30687.2
4922.1021 32692.42
4922.1521 35105.35
4922.2021 37785.523
4922.2521 39676.023
4922.3021 41290.88
4922.3521 43206.094
4922.4021 44354.39
4922.4521 45389.94
4922.5021 46324.664
4922.5521 46996.92
4922.6021 48050.074
4922.6521 48536.516
4922.7021 48888.332
4922.7521 49700.38
4922.8021 50192.754
4922.8521 50660.617
4922.9022 50893.9
4922.9522 50873.336
4923.0022 52272.324
4923.0522 52453.297
4923.1022 52753.66
4923.1522 52812.117
4923.2022 52617.957
4923.2522 53593.02
4923.3022 53697.184
4923.3522 53845.363
4923.4022 54238.81
4923.4522 54260.926
4923.5022 53753.156
4923.5522 54472.684
4923.6022 54396.227
4923.6522 55145.957
4923.7022 55260.473
4923.7522 54873.03
4923.8022 54099.754
4923.8522 54063.97
4923.9022 53954.094
4923.9522 53168.414
4924.0022 53249.027
4924.0522 53819.875
4924.1022 53485.727
4924.1522 53350.06
4924.2022 54206.816
4924.2522 54817.03
4924.3022 54921.273
4924.3522 54443.99
4924.4022 53979.168
4924.4522 52684.496
4924.5022 52072.566
4924.5523 52428.57
4924.6023 53281.16
4924.6523 53525.273
4924.7023 54946.266
4924.7523 55465.32
4924.8023 56342.83
4924.8523 56343.383
4924.9023 56622.18
4924.9523 56740.367
4925.0023 56864.215
4925.0523 56875.617
4925.1023 56509.5
4925.1523 56301.348
4925.2023 55887.723
4925.2523 55085.473
4925.3023 54457.863
4925.3523 54108.19
4925.4023 54218.906
4925.4523 55174.906
4925.5023 56324.41
4925.5523 56871.016
4925.6023 57056.617
4925.6523 57199.16
4925.7023 57383.92
4925.7523 57484.887
4925.8023 57279.43
4925.8523 56877.85
4925.9023 57137.48
4925.9523 57499.14
4926.0023 57453.867
4926.0523 57340.66
4926.1023 57270.484
4926.1524 56917.87
4926.2024 56829.36
4926.2524 57685.31
4926.3024 57894.93
4926.3524 58034.62
4926.4024 57018.375
4926.4524 57594.01
4926.5024 56632.836
4926.5524 58018.883
4926.6024 56911.832
4926.6524 57811.51
4926.7024 57450.06
4926.7524 57905.51
4926.8024 56887.027
4926.8524 57152.414
4926.9024 57727.266
4926.9524 57321.633
4927.0024 57423.992
4927.0524 57321.188
4927.1024 57135.03
4927.1524 57168.25
4927.2024 57697.12
4927.2524 57781.12
4927.3024 57789.64
4927.3524 57163.727
4927.4024 57423.76
4927.4524 57680.48
4927.5024 57330.38
4927.5524 57669.35
4927.6024 57988.434
4927.6524 57842.254
4927.7024 57163.3
4927.7524 56562.04
4927.8025 56891.08
4927.8525 57471.977
4927.9025 57778.992
4927.9525 57654.7
4928.0025 57579.992
4928.0525 57534.21
4928.1025 57797.895
4928.1525 57585.92
4928.2025 57559.52
4928.2525 57577.53
4928.3025 57326.562
4928.3525 56943.453
4928.4025 57833.582
4928.4525 57969.66
4928.5025 57311.824
4928.5525 57638.0
4928.6025 57639.477
4928.6525 57872.582
4928.7025 57994.164
4928.7525 57782.97
4928.8025 57708.64
4928.8525 57598.914
4928.9025 57415.98
4928.9525 57218.42
4929.0025 57413.223
4929.0525 57575.99
4929.1025 57747.668
4929.1525 57415.555
4929.2025 58029.8
4929.2525 57585.766
4929.3025 57268.22
4929.3525 57679.477
4929.4025 58010.805
4929.4526 57367.06
4929.5026 57035.81
4929.5526 57496.344
4929.6026 57665.26
4929.6526 57865.277
4929.7026 57520.355
4929.7526 58145.19
4929.8026 57446.273
4929.8526 57231.363
4929.9026 58313.836
4929.9526 57794.867
4930.0026 58012.78
4930.0526 57265.332
4930.1026 57531.465
4930.1526 57990.453
4930.2026 57695.453
4930.2526 57953.176
4930.3026 57437.99
4930.3526 57756.11
4930.4026 57805.746
4930.4526 58375.027
4930.5026 58002.57
4930.5526 57759.773
4930.6026 57901.906
4930.6526 57909.16
4930.7026 57720.863
4930.7526 57453.23
4930.8026 57211.836
4930.8526 58173.105
4930.9026 57532.945
4930.9526 57179.09
4931.0026 57411.97
4931.0527 57880.42
4931.1027 57820.574
4931.1527 57800.953
4931.2027 57731.57
4931.2527 57270.918
4931.3027 57242.57
4931.3527 57825.58
4931.4027 57805.152
4931.4527 57170.45
4931.5027 57736.383
4931.5527 57652.746
4931.6027 57343.617
4931.6527 57784.67
4931.7027 58094.83
4931.7527 58741.73
4931.8027 57329.84
4931.8527 57255.676
4931.9027 57858.934
4931.9527 57752.46
4932.0027 57196.82
4932.0527 57692.016
4932.1027 57601.203
4932.1527 58205.98
4932.2027 58277.418
4932.2527 57950.285
4932.3027 57839.82
4932.3527 57197.8
4932.4027 57431.28
4932.4527 57806.465
4932.5027 57294.445
4932.5527 57320.61
4932.6027 57806.21
4932.6527 57337.82
4932.7028 56846.996
4932.7528 57517.49
4932.8028 57649.656
4932.8528 57585.77
4932.9028 57633.96
4932.9528 57565.33
4933.0028 57756.7
4933.0528 57729.562
4933.1028 57194.484
4933.1528 57192.76
4933.2028 57208.41
4933.2528 57077.848
4933.3028 57336.496
4933.3528 57946.426
4933.4028 57910.75
4933.4528 57819.52
4933.5028 57994.67
4933.5528 57665.707
4933.6028 57733.64
4933.6528 58321.68
4933.7028 57701.316
4933.7528 57191.562
4933.8028 57411.99
4933.8528 57781.4
4933.9028 57833.215
4933.9528 57813.863
4934.0028 57898.51
4934.0528 57359.086
4934.1028 57114.867
4934.1528 58199.953
4934.2028 57648.875
4934.2528 57541.42
4934.3029 56964.684
4934.3529 57590.47
4934.4029 57928.348
4934.4529 57902.5
4934.5029 57885.465
4934.5529 57292.52
4934.6029 57766.824
4934.6529 58025.53
4934.7029 57561.695
4934.7529 57204.676
4934.8029 57222.914
4934.8529 57519.527
4934.9029 56869.82
4934.9529 57375.11
4935.0029 58025.547
4935.0529 57583.906
4935.1029 57675.664
4935.1529 57552.742
4935.2029 57610.22
4935.2529 57552.83
4935.3029 57973.71
4935.3529 58204.2
4935.4029 58024.887
4935.4529 57481.984
4935.5029 57169.418
4935.5529 57464.945
4935.6029 57278.48
4935.6529 57747.47
4935.7029 57550.934
4935.7529 57792.01
4935.8029 57450.906
4935.8529 57473.676
4935.9029 57687.67
4935.953 57553.605
4936.003 57918.848
4936.053 60407.93
4936.103 59034.05
4936.153 58175.09
4936.203 57401.32
4936.253 57343.492
4936.303 58211.402
4936.353 57947.863
4936.403 57545.914
4936.453 57675.33
4936.503 57754.605
4936.553 57571.938
4936.603 58262.668
4936.653 58056.69
4936.703 57746.15
4936.753 57530.445
4936.803 57757.996
4936.853 57752.414
4936.903 57454.266
4936.953 57844.16
4937.003 57405.547
4937.053 57809.46
4937.103 57939.27
4937.153 57615.586
4937.203 57469.293
4937.253 57190.457
4937.303 57490.86
4937.353 57947.527
4937.403 57153.12
4937.453 57562.77
4937.503 57782.91
4937.5531 58013.633
4937.6031 57205.734
4937.6531 57510.605
4937.7031 57350.895
4937.7531 57014.84
4937.8031 56909.7
4937.8531 57308.2
4937.9031 57162.73
4937.9531 58022.305
4938.0031 58166.11
4938.0531 58054.516
4938.1031 57318.72
4938.1531 57144.254
4938.2031 57275.426
4938.2531 57663.28
4938.3031 57636.914
4938.3531 57507.926
4938.4031 58221.258
4938.4531 57745.203
4938.5031 57506.363
4938.5531 57103.29
4938.6031 57282.777
4938.6531 57058.246
4938.7031 57451.22
4938.7531 57782.402
4938.8031 57701.062
4938.8531 57063.426
4938.9031 56796.87
4938.9531 56888.598
4939.0031 56932.258
4939.0531 57140.902
4939.1031 56787.848
4939.1531 56764.613
4939.2032 58033.008
4939.2532 58352.61
4939.3032 57505.047
4939.3532 57691.96
4939.4032 56799.508
4939.4532 57372.21
4939.5032 57245.61
4939.5532 57082.02
4939.6032 57101.34
4939.6532 57147.797
4939.7032 57131.055
4939.7532 57341.79
4939.8032 57270.133
4939.8532 57377.14
4939.9032 57118.465
4939.9532 57008.918
4940.0032 57547.523
4940.0532 57700.21
4940.1032 58313.695
4940.1532 57441.55
4940.2032 57437.496
4940.2532 57459.867
4940.3032 57228.176
4940.3532 57083.668
4940.4032 57175.438
4940.4532 57025.74
4940.5032 56911.773
4940.5532 56917.785
4940.6032 57361.46
4940.6532 57704.977
4940.7032 57047.55
4940.7532 57311.625
4940.8032 56872.266
4940.8533 56869.66
4940.9033 55802.773
4940.9533 55378.32
4941.0033 54851.453
4941.0533 54009.355
4941.1033 53919.816
4941.1533 54902.004
4941.2033 55962.79
4941.2533 56669.055
4941.3033 57144.164
4941.3533 57111.902
4941.4033 57616.004
4941.4533 57365.363
4941.5033 57479.62
4941.5533 56778.84
4941.6033 57693.055
4941.6533 57550.95
4941.7033 57603.9
4941.7533 57299.195
4941.8033 57145.023
4941.8533 57339.137
4941.9033 57398.74
4941.9533 57515.402
4942.0033 57379.906
4942.0533 57294.793
4942.1033 57369.32
4942.1533 57434.133
4942.2033 56918.457
4942.2533 57780.336
4942.3033 57351.61
4942.3533 57124.367
4942.4033 56525.81
4942.4534 56680.95
4942.5034 56582.734
4942.5534 56267.188
4942.6034 56259.27
4942.6534 57113.02
4942.7034 57546.074
4942.7534 56887.36
4942.8034 55693.95
4942.8534 54768.81
4942.9034 53603.33
4942.9534 52496.48
4943.0034 51639.434
4943.0534 52398.535
4943.1034 53586.082
4943.1534 55161.652
4943.2034 56645.504
4943.2534 56391.66
4943.3034 56342.812
4943.3534 57107.53
4943.4034 57352.99
4943.4534 57319.117
4943.5034 57335.28
4943.5534 57414.16
4943.6034 56960.098
4943.6534 57521.848
4943.7034 57151.625
4943.7534 57027.71
4943.8034 57123.527
4943.8534 57283.695
4943.9034 57474.406
4943.9534 57986.574
4944.0034 57703.645
4944.0534 57029.406
4944.1035 57293.71
4944.1535 57053.48
4944.2035 57097.17
4944.2535 56617.16
4944.3035 57281.336
4944.3535 57083.227
4944.4035 56597.28
4944.4535 57221.516
4944.5035 57401.863
4944.5535 57465.99
4944.6035 57237.137
4944.6535 57099.195
4944.7035 57143.715
4944.7535 57107.555
4944.8035 57240.305
4944.8535 57577.0
4944.9035 57546.723
4944.9535 57555.18
4945.0035 57567.066
4945.0535 57273.637
4945.1035 56789.78
4945.1535 57192.945
4945.2035 57565.562
4945.2535 57159.227
4945.3035 57241.062
4945.3535 57044.637
4945.4035 57055.957
4945.4535 57374.74
4945.5035 56711.01
4945.5535 56819.84
4945.6035 57216.99
4945.6535 58170.41
4945.7036 57369.535
4945.7536 57388.945
4945.8036 57821.027
4945.8536 57056.535
4945.9036 57299.434
4945.9536 57670.723
4946.0036 57466.715
4946.0536 58040.438
4946.1036 57664.965
4946.1536 57800.035
4946.2036 57293.668
4946.2536 57394.543
4946.3036 57713.273
4946.3536 57807.33
4946.4036 57557.566
4946.4536 56747.516
4946.5036 56879.617
4946.5536 57504.008
4946.6036 57173.18
4946.6536 57223.26
4946.7036 57388.754
4946.7536 57359.965
4946.8036 57478.07
4946.8536 56828.836
4946.9036 57723.71
4946.9536 57585.26
4947.0036 57522.645
4947.0536 57287.414
4947.1036 57414.492
4947.1536 57710.08
4947.2036 57346.9
4947.2536 57457.5
4947.3036 57747.746
4947.3537 57879.426
4947.4037 57305.207
4947.4537 57116.594
4947.5037 57545.387
4947.5537 57584.43
4947.6037 57514.12
4947.6537 57237.938
4947.7037 57197.695
4947.7537 57677.527
4947.8037 56990.07
4947.8537 57165.723
4947.9037 57477.23
4947.9537 57810.418
4948.0037 56993.14
4948.0537 57053.664
4948.1037 57216.164
4948.1537 56575.125
4948.2037 56733.758
4948.2537 56985.652
4948.3037 57306.56
4948.3537 57190.25
4948.4037 57461.277
4948.4537 57639.426
4948.5037 58306.914
4948.5537 57478.797
4948.6037 57802.64
4948.6537 57222.61
4948.7037 56890.438
4948.7537 57343.844
4948.8037 57208.113
4948.8537 57514.844
4948.9037 57568.79
4948.9537 57080.56
4949.0038 57624.17
4949.0538 57325.715
4949.1038 57589.703
4949.1538 57751.816
4949.2038 57218.39
4949.2538 57042.242
4949.3038 57708.05
4949.3538 57806.195
4949.4038 57587.99
4949.4538 57781.31
4949.5038 57343.58
4949.5538 57534.918
4949.6038 57349.664
4949.6538 56993.87
4949.7038 57156.37
4949.7538 57713.816
4949.8038 57881.57
4949.8538 58025.65
4949.9038 58699.89
4949.9538 58550.688
4950.0038 57650.867
4950.0538 57563.33
4950.1038 57719.617
4950.1538 57598.54
4950.2038 57227.35
4950.2538 56942.58
4950.3038 57394.094
4950.3538 58167.426
4950.4038 58483.69
4950.4538 58016.93
4950.5038 57653.35
4950.5538 57369.227
4950.6039 57388.465
4950.6539 57627.707
4950.7039 57811.523
4950.7539 58112.363
4950.8039 58162.457
4950.8539 57693.03
4950.9039 57852.492
4950.9539 57892.34
4951.0039 58235.2
4951.0539 57761.34
4951.1039 57201.844
4951.1539 57614.812
4951.2039 58236.72
4951.2539 58035.94
4951.3039 57856.33
4951.3539 57743.598
4951.4039 57489.227
4951.4539 58030.375
4951.5039 58033.62
4951.5539 57498.402
4951.6039 57470.473
4951.6539 58052.508
4951.7039 58158.746
4951.7539 58042.047
4951.8039 57909.188
4951.8539 57503.152
4951.9039 57446.387
4951.9539 57872.574
4952.0039 57509.695
4952.0539 57209.996
4952.1039 57276.527
4952.1539 57175.816
4952.2039 57064.69
4952.254 57520.16
4952.304 58102.566
4952.354 56850.54
4952.404 57844.23
4952.454 57905.742
4952.504 57359.96
4952.554 57741.426
4952.604 58150.855
4952.654 57910.863
4952.704 57985.984
4952.754 57598.344
4952.804 57407.156
4952.854 57455.72
4952.904 57809.1
4952.954 57265.48
4953.004 57630.562
4953.054 57784.758
4953.104 57745.812
4953.154 57822.58
4953.204 57879.79
4953.254 58098.96
4953.304 57663.36
4953.354 57932.973
4953.404 57779.145
4953.454 57953.605
4953.504 57643.6
4953.554 57484.613
4953.604 57485.457
4953.654 57798.1
4953.704 57635.13
4953.754 56576.918
4953.804 57099.02
4953.8541 57749.508
4953.9041 56734.918
4953.9541 57533.0
4954.0041 57887.66
4954.0541 57546.516
4954.1041 57696.094
4954.1541 57908.293
4954.2041 57737.95
4954.2541 57603.33
4954.3041 57721.797
4954.3541 57569.605
4954.4041 57966.344
4954.4541 58273.57
4954.5041 57705.652
4954.5541 57828.67
4954.6041 58236.434
4954.6541 57923.2
4954.7041 57377.516
4954.7541 57282.723
4954.8041 57745.77
4954.8541 58205.824
4954.9041 57948.094
4954.9541 57988.48
4955.0041 58388.76
4955.0541 58753.707
4955.1041 57988.94
4955.1541 57462.6
4955.2041 57778.246
4955.2541 58096.754
4955.3041 58274.527
4955.3541 58563.883
4955.4041 58608.53
4955.4541 57840.25
4955.5042 56870.89
4955.5542 57335.793
4955.6042 57054.457
4955.6542 56372.473
4955.7042 56483.027
4955.7542 56719.758
4955.8042 57122.87
4955.8542 57599.95
4955.9042 57964.824
4955.9542 58468.098
4956.0042 58576.332
4956.0542 57517.887
4956.1042 57266.395
4956.1542 56854.65
4956.2042 58035.582
4956.2542 58154.18
4956.3042 58035.22
4956.3542 57905.4
4956.4042 57625.2
4956.4542 57806.17
4956.5042 58157.88
4956.5542 57845.668
4956.6042 57340.73
4956.6542 57723.65
4956.7042 58091.566
4956.7542 57749.57
4956.8042 58264.785
4956.8542 58030.902
4956.9042 57308.133
4956.9542 57506.316
4957.0042 57743.258
4957.0542 57888.188
4957.1043 57776.45
4957.1543 57814.203
4957.2043 57966.027
4957.2543 57937.4
4957.3043 58109.926
4957.3543 58298.79
4957.4043 58041.117
4957.4543 57671.945
4957.5043 57923.832
4957.5543 57597.293
4957.6043 57836.258
4957.6543 57966.79
4957.7043 57813.03
4957.7543 57613.29
4957.8043 58023.117
4957.8543 58594.74
4957.9043 58164.234
4957.9543 57339.2
4958.0043 57821.902
4958.0543 57902.008
4958.1043 57733.62
4958.1543 57891.55
4958.2043 58827.23
4958.2543 58429.895
4958.3043 58061.793
4958.3543 57969.15
4958.4043 57914.18
4958.4543 57659.273
4958.5043 57598.88
4958.5543 57671.207
4958.6043 57618.16
4958.6543 57870.0
4958.7043 58093.363
4958.7544 58400.86
4958.8044 57906.066
4958.8544 57242.832
4958.9044 57658.63
4958.9544 58180.81
4959.0044 58233.676
4959.0544 58002.65
4959.1044 57755.06
4959.1544 57797.18
4959.2044 57756.4
4959.2544 57478.992
4959.3044 57526.246
4959.3544 57970.99
4959.4044 58184.57
4959.4544 58404.117
4959.5044 58188.344
4959.5544 57244.156
4959.6044 57912.688
4959.6544 58154.65
4959.7044 58216.715
4959.7544 57868.586
4959.8044 57996.957
4959.8544 57736.254
4959.9044 57605.184
4959.9544 57770.555
4960.0044 57594.824
4960.0544 57343.99
4960.1044 57757.27
4960.1544 58016.273
4960.2044 57090.68
4960.2544 57687.676
4960.3044 56792.426
4960.3544 58333.574
4960.4045 57197.08
4960.4545 57833.973
4960.5045 58482.3
4960.5545 57540.85
4960.6045 57312.47
4960.6545 58009.19
4960.7045 57857.54
4960.7545 57417.277
4960.8045 57747.188
4960.8545 58165.637
4960.9045 58166.617
4960.9545 58169.82
4961.0045 58188.02
4961.0545 58317.32
4961.1045 57738.5
4961.1545 57271.71
4961.2045 58048.496
4961.2545 58400.586
4961.3045 57702.004
4961.3545 57299.152
4961.4045 57745.668
4961.4545 57403.008
4961.5045 57263.402
4961.5545 57637.562
4961.6045 57877.855
4961.6545 57959.137
4961.7045 58148.74
4961.7545 57860.07
4961.8045 57096.36
4961.8545 57640.32
4961.9045 57684.797
4961.9545 58105.348
4962.0046 57986.37
4962.0546 57932.93
4962.1046 57666.734
4962.1546 57901.426
4962.2046 57773.117
4962.2546 57031.54
4962.3046 57901.266
4962.3546 57808.195
4962.4046 57318.13
4962.4546 57547.176
4962.5046 58071.137
4962.5546 58309.926
4962.6046 58121.37
4962.6546 57742.25
4962.7046 57593.977
4962.7546 57536.43
4962.8046 57442.527
4962.8546 57011.88
4962.9046 57571.617
4962.9546 58393.523
4963.0046 58131.77
4963.0546 57430.906
4963.1046 57824.67
4963.1546 57864.953
4963.2046 57782.875
4963.2546 57920.387
4963.3046 58033.324
4963.3546 57827.477
4963.4046 57888.01
4963.4546 58062.254
4963.5046 58010.867
4963.5546 57923.785
4963.6046 57715.105
4963.6547 57654.887
4963.7047 57859.816
4963.7547 57665.492
4963.8047 58141.02
4963.8547 57848.76
4963.9047 57771.535
4963.9547 57850.008
4964.0047 57448.543
4964.0547 58012.73
4964.1047 58028.105
4964.1547 57823.24
4964.2047 57707.93
4964.2547 57102.58
4964.3047 57762.086
4964.3547 57593.85
4964.4047 57766.72
4964.4547 57739.324
4964.5047 58002.074
4964.5547 57463.78
4964.6047 57269.72
4964.6547 57660.203
4964.7047 57687.855
4964.7547 57432.06
4964.8047 57118.016
4964.8547 57194.723
4964.9047 57460.656
4964.9547 57226.008
4965.0047 57068.434
4965.0547 56293.293
4965.1047 55674.305
4965.1547 56647.348
4965.2047 57276.652
4965.2548 56836.75
4965.3048 57073.363
4965.3548 58389.42
4965.4048 57597.633
4965.4548 57433.496
4965.5048 57842.324
4965.5548 57802.645
4965.6048 58069.617
4965.6548 58033.008
4965.7048 58007.133
4965.7548 58154.07
4965.8048 57891.023
4965.8548 57547.684
4965.9048 57936.562
4965.9548 58168.684
4966.0048 58050.504
4966.0548 57925.094
4966.1048 57579.457
4966.1548 57684.543
4966.2048 57979.086
4966.2548 57532.945
4966.3048 57614.45
4966.3548 58256.355
4966.4048 58503.234
4966.4548 58185.418
4966.5048 58131.81
4966.5548 57561.426
4966.6048 58092.586
4966.6548 58122.383
4966.7048 58103.414
4966.7548 56792.61
4966.8048 57826.68
4966.8548 57561.41
4966.9049 57615.773
4966.9549 57548.656
4967.0049 57818.47
4967.0549 57348.664
4967.1049 57622.242
4967.1549 58013.055
4967.2049 57596.06
4967.2549 57845.477
4967.3049 58251.59
4967.3549 57795.344
4967.4049 57693.664
4967.4549 57506.23
4967.5049 57720.49
4967.5549 57716.52
4967.6049 57630.12
4967.6549 57886.91
4967.7049 58006.73
4967.7549 57702.758
4967.8049 57300.91
4967.8549 57303.03
4967.9049 57266.508
4967.9549 57041.066
4968.0049 57238.42
4968.0549 57734.01
4968.1049 57958.176
4968.1549 57440.56
4968.2049 57540.816
4968.2549 57505.64
4968.3049 58515.418
4968.3549 58047.54
4968.4049 57451.426
4968.4549 58157.29
4968.505 57485.277
4968.555 57359.156
4968.605 57140.625
4968.655 57169.332
4968.705 57182.926
4968.755 57257.535
4968.805 57221.29
4968.855 57449.418
4968.905 56811.543
4968.955 57384.633
4969.005 57304.766
4969.055 57286.63
4969.105 57914.727
4969.155 57127.492
4969.205 57046.902
4969.255 57669.28
4969.305 57748.113
4969.355 57676.723
4969.405 57194.81
4969.455 57598.89
4969.505 57833.523
4969.555 57486.543
4969.605 57279.97
4969.655 57237.156
4969.705 57424.973
4969.755 57389.62
4969.805 57651.69
4969.855 57578.25
4969.905 57750.15
4969.955 57238.344
4970.005 57523.69
4970.055 57338.492
4970.105 57304.38
4970.1551 57604.117
4970.2051 57264.395
4970.2551 56869.277
4970.3051 57907.344
4970.3551 57672.33
4970.4051 57707.797
4970.4551 58082.305
4970.5051 57334.63
4970.5551 57578.58
4970.6051 57807.215
4970.6551 57756.08
4970.7051 57914.56
4970.7551 57991.285
4970.8051 58189.47
4970.8551 57551.16
4970.9051 57397.887
4970.9551 57683.832
4971.0051 57068.49
4971.0551 57308.402
4971.1051 58024.906
4971.1551 58457.88
4971.2051 58187.832
4971.2551 57332.465
4971.3051 57618.727
4971.3551 57595.87
4971.4051 57299.71
4971.4551 57600.4
4971.5051 57699.64
4971.5551 57407.13
4971.6051 57183.21
4971.6551 57881.715
4971.7051 57921.65
4971.7551 57552.844
4971.8052 57221.816
4971.8552 57378.793
4971.9052 57944.023
4971.9552 57504.227
4972.0052 56836.797
4972.0552 57048.367
4972.1052 57606.69
4972.1552 57620.816
4972.2052 57277.86
4972.2552 56699.332
4972.3052 56901.445
4972.3552 57487.938
4972.4052 57590.125
4972.4552 57441.043
4972.5052 57391.867
4972.5552 57502.67
4972.6052 57744.883
4972.6552 57027.31
4972.7052 57243.69
4972.7552 57952.242
4972.8052 57712.477
4972.8552 57665.938
4972.9052 57313.42
4972.9552 56907.164
4973.0052 57515.25
4973.0552 57700.992
4973.1052 57660.934
4973.1552 57384.69
4973.2052 57043.73
4973.2552 57144.418
4973.3052 57284.52
4973.3552 57649.684
4973.4053 57347.67
4973.4553 57091.215
4973.5053 57327.69
4973.5553 57450.355
4973.6053 57785.668
4973.6553 57932.71
4973.7053 58179.785
4973.7553 57817.88
4973.8053 57558.637
4973.8553 57693.727
4973.9053 57097.81
4973.9553 57401.426
4974.0053 57770.434
4974.0553 57495.19
4974.1053 57105.934
4974.1553 57391.58
4974.2053 58160.387
4974.2553 58165.59
4974.3053 57896.664
4974.3553 57970.934
4974.4053 57311.6
4974.4553 57473.14
4974.5053 57439.71
4974.5553 57066.215
4974.6053 57655.766
4974.6553 57602.9
4974.7053 57549.68
4974.7553 57607.664
4974.8053 57406.58
4974.8553 57785.53
4974.9053 57651.695
4974.9553 57949.305
4975.0053 58465.445
4975.0554 57796.61
4975.1054 57351.45
4975.1554 57818.516
4975.2054 57322.62
4975.2554 57555.82
4975.3054 58002.984
4975.3554 57907.105
4975.4054 57078.914
4975.4554 56951.99
4975.5054 57334.652
4975.5554 57096.242
4975.6054 57264.17
4975.6554 57661.434
4975.7054 57469.676
4975.7554 57136.41
4975.8054 57162.098
4975.8554 57873.285
4975.9054 57006.78
4975.9554 57037.598
4976.0054 57724.19
4976.0554 57619.03
4976.1054 57472.895
4976.1554 57272.48
4976.2054 57397.75
4976.2554 57954.203
4976.3054 57694.004
4976.3554 57368.926
4976.4054 57788.445
4976.4554 57464.21
4976.5054 57671.867
4976.5554 58073.734
4976.6054 56884.137
4976.6555 57089.176
4976.7055 57238.676
4976.7555 57578.41
4976.8055 57747.01
4976.8555 57259.562
4976.9055 57038.887
4976.9555 58081.457
4977.0055 57886.293
4977.0555 57036.734
4977.1055 57811.402
4977.1555 57841.11
4977.2055 57230.062
4977.2555 57114.164
4977.3055 57315.598
4977.3555 57134.668
4977.4055 57542.973
4977.4555 57724.695
4977.5055 57607.395
4977.5555 57781.926
4977.6055 58053.746
4977.6555 57630.773
4977.7055 57849.68
4977.7555 57259.598
4977.8055 57566.953
4977.8555 57717.87
4977.9055 57266.07
4977.9555 57304.434
4978.0055 57788.566
4978.0555 57864.324
4978.1055 57599.05
4978.1555 57659.586
4978.2055 57380.297
4978.2555 57183.645
4978.3056 57360.656
4978.3556 57690.426
4978.4056 57496.805
4978.4556 58101.77
4978.5056 57791.457
4978.5556 57468.934
4978.6056 56749.25
4978.6556 57186.08
4978.7056 57223.844
4978.7556 57370.008
4978.8056 57498.406
4978.8556 57744.594
4978.9056 57759.977
4978.9556 57685.598
4979.0056 57876.156
4979.0556 57687.27
4979.1056 57329.242
4979.1556 57132.316
4979.2056 57770.566
4979.2556 57974.477
4979.3056 57424.35
4979.3556 57478.477
4979.4056 57999.74
4979.4556 57666.316
4979.5056 57545.547
4979.5556 57551.277
4979.6056 57506.74
4979.6556 57633.832
4979.7056 58006.395
4979.7556 57905.113
4979.8056 57704.426
4979.8556 58025.312
4979.9056 57873.29
4979.9557 57959.71
4980.0057 57948.254
4980.0557 57174.86
4980.1057 56955.285
4980.1557 57155.297
4980.2057 58270.816
4980.2557 57785.066
4980.3057 58085.023
4980.3557 57926.188
4980.4057 58005.082
4980.4557 57805.715
4980.5057 57865.96
4980.5557 57888.773
4980.6057 57637.6
4980.6557 57338.953
4980.7057 57639.484
4980.7557 58109.625
4980.8057 58104.0
4980.8557 58209.117
4980.9057 57517.656
4980.9557 57818.926
4981.0057 58115.465
4981.0557 57605.918
4981.1057 57099.566
4981.1557 57830.145
4981.2057 57628.895
4981.2557 57460.09
4981.3057 57903.86
4981.3557 57215.324
4981.4057 57474.465
4981.4557 57896.85
4981.5057 57718.223
4981.5558 57660.52
4981.6058 58365.836
4981.6558 57689.33
4981.7058 57850.75
4981.7558 57908.34
4981.8058 57646.875
4981.8558 57706.84
4981.9058 57746.03
4981.9558 57833.62
4982.0058 57245.66
4982.0558 57521.46
4982.1058 57670.99
4982.1558 57603.473
4982.2058 57971.906
4982.2558 58122.633
4982.3058 58254.836
4982.3558 56932.312
4982.4058 57625.516
4982.4558 57449.02
4982.5058 58064.02
4982.5558 57736.07
4982.6058 57687.77
4982.6558 57819.3
4982.7058 57235.89
4982.7558 57402.527
4982.8058 57646.43
4982.8558 57644.914
4982.9058 57837.383
4982.9558 58096.38
4983.0058 57406.223
4983.0558 57816.824
4983.1058 56674.516
4983.1558 57340.25
4983.2059 56879.797
4983.2559 58055.727
4983.3059 58016.344
4983.3559 57644.28
4983.4059 57420.574
4983.4559 57692.066
4983.5059 57369.703
4983.5559 57184.38
4983.6059 57318.48
4983.6559 57346.164
4983.7059 57160.977
4983.7559 57144.152
4983.8059 57670.547
4983.8559 57491.78
4983.9059 57159.18
4983.9559 56908.062
4984.0059 57409.383
4984.0559 57193.426
4984.1059 57210.914
4984.1559 57984.695
4984.2059 57176.824
4984.2559 57160.453
4984.3059 57434.992
4984.3559 58069.39
4984.4059 57721.26
4984.4559 57021.203
4984.5059 56887.133
4984.5559 57343.73
4984.6059 57642.812
4984.6559 57558.914
4984.7059 57896.508
4984.7559 57348.727
4984.806 57723.723
4984.856 57265.137
4984.906 57239.902
4984.956 57167.59
4985.006 57504.434
4985.056 57501.004
4985.106 57000.242
4985.156 57391.855
4985.206 57397.94
4985.256 57274.973
4985.306 57765.957
4985.356 57773.344
4985.406 57244.51
4985.456 57415.023
4985.506 57321.168
4985.556 57165.305
4985.606 57459.44
4985.656 57770.32
4985.706 57400.293
4985.756 56831.01
4985.806 57112.008
4985.856 57392.145
4985.906 57614.2
4985.956 57023.938
4986.006 56919.227
4986.056 56523.65
4986.106 57095.15
4986.156 57266.727
4986.206 57331.715
4986.256 57375.535
4986.306 57454.01
4986.356 57389.52
4986.406 56953.367
4986.4561 57126.97
4986.5061 57380.797
4986.5561 57617.08
4986.6061 57821.88
4986.6561 57168.695
4986.7061 58087.18
4986.7561 57214.016
4986.8061 57577.633
4986.8561 57550.59
4986.9061 57531.133
4986.9561 57333.438
4987.0061 57150.965
4987.0561 56853.94
4987.1061 56983.46
4987.1561 57533.547
4987.2061 56952.723
4987.2561 56455.965
4987.3061 56052.27
4987.3561 55780.98
4987.4061 55812.13
4987.4561 56041.45
4987.5061 56481.97
4987.5561 56730.062
4987.6061 57210.348
4987.6561 56712.973
4987.7061 57491.24
4987.7561 57676.707
4987.8061 56943.555
4987.8561 56579.49
4987.9061 57040.945
4987.9561 57186.824
4988.0061 56864.367
4988.0562 57432.51
4988.1062 56811.117
4988.1562 57671.234
4988.2062 57419.016
4988.2562 57117.645
4988.3062 57070.37
4988.3562 57584.387
4988.4062 57535.445
4988.4562 56746.465
4988.5062 57357.25
4988.5562 58037.34
4988.6062 58408.117
4988.6562 57719.137
4988.7062 57708.2
4988.7562 57926.617
4988.8062 57706.19
4988.8562 57407.754
4988.9062 57177.312
4988.9562 57135.13
4989.0062 57525.75
4989.0562 58132.22
4989.1062 57631.406
4989.1562 57326.938
4989.2062 57647.09
4989.2562 57293.71
4989.3062 57366.84
4989.3562 57656.758
4989.4062 57704.1
4989.4562 58132.18
4989.5062 58073.03
4989.5562 57819.516
4989.6062 58205.727
4989.6562 57552.824
4989.7063 57186.426
4989.7563 57732.69
4989.8063 58220.016
4989.8563 57625.53
4989.9063 57556.49
4989.9563 58044.062
4990.0063 58152.07
4990.0563 57791.395
4990.1063 57623.832
4990.1563 57412.445
4990.2063 57159.965
4990.2563 57215.28
4990.3063 57596.484
4990.3563 58182.75
4990.4063 57695.11
4990.4563 58330.96
4990.5063 58202.11
4990.5563 58176.766
4990.6063 58310.547
4990.6563 57922.48
4990.7063 57216.57
4990.7563 57817.773
4990.8063 57416.867
4990.8563 57914.152
4990.9063 58552.035
4990.9563 57369.13
4991.0063 56879.402
4991.0563 57324.484
4991.1063 57659.28
4991.1563 57759.348
4991.2063 57026.477
4991.2563 57171.17
4991.3063 57629.016
4991.3564 57353.117
4991.4064 57344.56
4991.4564 57483.805
4991.5064 57413.133
4991.5564 57352.047
4991.6064 57654.855
4991.6564 57492.23
4991.7064 57178.047
4991.7564 57163.0
4991.8064 56173.223
4991.8564 55953.832
4991.9064 55043.57
4991.9564 54508.16
4992.0064 55516.547
4992.0564 56722.418
4992.1064 57236.71
4992.1564 57075.867
4992.2064 56914.723
4992.2564 57561.594
4992.3064 58017.016
4992.3564 57873.637
4992.4064 57552.83
4992.4564 57321.99
4992.5064 56994.34
4992.5564 56835.84
4992.6064 57870.234
4992.6564 57597.387
4992.7064 57662.652
4992.7564 58233.125
4992.8064 58114.895
4992.8564 57804.52
4992.9064 57684.426
4992.9565 57438.58
4993.0065 57301.383
4993.0565 58420.656
4993.1065 57934.992
4993.1565 57859.383
4993.2065 57780.21
4993.2565 57556.73
4993.3065 57254.22
4993.3565 57008.816
4993.4065 56202.44
4993.4565 54753.76
4993.5065 54855.355
4993.5565 55316.24
4993.6065 56605.832
4993.6565 57016.7
4993.7065 57212.715
4993.7565 57300.883
4993.8065 57178.555
4993.8565 57293.383
4993.9065 57852.844
4993.9565 58024.598
4994.0065 57184.965
4994.0565 57644.504
4994.1065 57250.633
4994.1565 56846.36
4994.2065 56281.145
4994.2565 55095.867
4994.3065 54230.582
4994.3565 53882.824
4994.4065 53698.47
4994.4565 54188.145
4994.5065 56046.363
4994.5565 56733.83
4994.6066 57291.41
4994.6566 57426.78
4994.7066 57798.02
4994.7566 57547.598
4994.8066 57663.742
4994.8566 58041.676
4994.9066 57942.086
4994.9566 57517.52
4995.0066 56876.586
4995.0566 57254.652
4995.1066 57395.824
4995.1566 56939.77
4995.2066 57881.625
4995.2566 57100.027
4995.3066 56893.418
4995.3566 57689.55
4995.4066 57892.27
4995.4566 57299.383
4995.5066 57294.793
4995.5566 57757.01
4995.6066 57681.656
4995.6566 57378.527
4995.7066 57562.066
4995.7566 57659.375
4995.8066 57525.26
4995.8566 57621.516
4995.9066 57499.535
4995.9566 57168.953
4996.0066 57571.46
4996.0566 57825.68
4996.1066 57494.9
4996.1566 57358.023
4996.2067 57623.59
4996.2567 58101.727
4996.3067 58152.188
4996.3567 58179.133
4996.4067 58134.69
4996.4567 58203.19
4996.5067 57874.617
4996.5567 56707.9
4996.6067 57235.477
4996.6567 57216.367
4996.7067 58628.875
4996.7567 57721.215
4996.8067 57588.69
4996.8567 58089.79
4996.9067 57755.68
4996.9567 57643.812
4997.0067 57740.074
4997.0567 57479.605
4997.1067 57501.438
4997.1567 57384.09
4997.2067 56708.44
4997.2567 57705.51
4997.3067 57581.23
4997.3567 57234.965
4997.4067 57701.45
4997.4567 57811.25
4997.5067 58012.6
4997.5567 57815.504
4997.6067 57459.457
4997.6567 57728.7
4997.7067 57715.312
4997.7567 57540.117
4997.8067 57715.824
4997.8568 57534.35
4997.9068 57792.688
4997.9568 57285.875
4998.0068 57384.84
4998.0568 57315.875
4998.1068 57841.426
4998.1568 57718.887
4998.2068 56840.242
4998.2568 57052.633
4998.3068 57499.215
4998.3568 58163.094
4998.4068 57580.62
4998.4568 56861.465
4998.5068 57540.492
4998.5568 57999.01
4998.6068 57713.63
4998.6568 58353.375
4998.7068 57996.332
4998.7568 57505.24
4998.8068 57927.258
4998.8568 57845.62
4998.9068 57291.844
4998.9568 57586.555
4999.0068 57762.56
4999.0568 58090.926
4999.1068 58194.523
4999.1568 58013.67
4999.2068 57775.844
4999.2568 57890.617
4999.3068 57628.008
4999.3568 57683.79
4999.4068 57822.605
4999.4569 57646.785
4999.5069 57779.883
4999.5569 57663.348
4999.6069 57454.387
4999.6569 58568.664
4999.7069 57390.734
4999.7569 56908.188
4999.8069 57357.78
4999.8569 57425.633
4999.9069 57439.87
4999.9569 58291.09
5000.0069 58027.32
